image: ./rglab0302.pgm
resolution: 0.020000
origin: [-8.021811, -5.067739, 0.000000]
negate: 0
occupied_thresh: 0.65
free_thresh: 0.196

