image: ./rglab_0302_low_reso.pgm
resolution: 1.200000
origin: [-8.064783, -5.117624, 0.000000]
negate: 0
occupied_thresh: 0.65
free_thresh: 0.196

