image: ./rgmap0217.pgm
resolution: 0.020000
origin: [-11.432955, -9.524709, 0.000000]
negate: 0
occupied_thresh: 0.65
free_thresh: 0.196

