image: ./rgmap0217_low_reso.pgm
resolution: 1.000000
origin: [-11.632955, -10.224709, 0.000000]
negate: 0
occupied_thresh: 0.65
free_thresh: 0.196

